a1 : [ 1.0370948e+00 -9.0779430e-01  1.2141594e+00 -2.5194799e-05 -1.8771596e+00  1.0370694e+00]
b1 : [ 8.8848746e-01 -4.6549350e-01  5.5246788e-01 -1.7754728e-05 -1.6577655e+00  8.8847023e-01]
c1 : [ 7.0226461e-01 -2.0943758e-01  2.0438972e-01 -1.6410695e-05 -1.5657400e+00  7.0224911e-01]
d1 : [ 4.3241882e-01 -2.8698219e-02  3.4226806e-04 -1.3938601e-05 -1.5424275e+00  4.3240371e-01]
e1 : [ 8.3156437e-02  1.1870323e-01 -2.1197778e-01 -9.2209148e-06 -1.4775043e+00  8.3142065e-02]
f1 : [-2.9849952e-01  1.8746989e-02 -4.7357339e-02 -2.5929473e-06 -1.5421647e+00 -2.9851520e-01]
g1 : [-6.0554701e-01 -1.2775749e-01  1.0781744e-01  3.9060669e-06 -1.5508338e+00 -6.0556287e-01]
h1 : [-8.2538331e-01 -2.5652167e-01  1.9125199e-01  8.8397910e-06 -1.5055051e+00 -8.2539940e-01]

a2 : 
b2 : [ 7.2663897e-01 -8.0066359e-01  1.1068598e+00  1.0421817e-05 -1.8769734e+00  7.2666395e-01]
c2 : [ 5.4854733e-01 -5.0330973e-01  6.0952318e-01  1.2549342e-05 -1.6769924e+00  5.4857129e-01]
d2 : [ 3.2174435e-01 -3.4396225e-01  3.7885055e-01  1.6295884e-05 -1.6056702e+00  3.2176793e-01]
e2 : [ 5.5490296e-02 -2.7764824e-01  2.9048383e-01  2.0043457e-05 -1.5836219e+00  5.5513706e-02]
f2 : [-2.1867949e-01 -3.0624279e-01  3.2802865e-01  2.2818245e-05 -1.5925776e+00 -2.1865582e-01]
g2 : [-4.8690626e-01 -3.6270794e-01  4.0464798e-01  2.4451891e-05 -1.6127379e+00 -4.8688203e-01]
h2 : [-6.5285909e-01 -5.2819401e-01  6.4782298e-01  2.3909732e-05 -1.6904308e+00 -6.5283310e-01]

a3 :
b3 :
c3 : [ 4.1821831e-01 -8.9139313e-01  1.2760625e+00  2.9399882e-05 -1.9554451e+00  4.1825274e-01]
d3 : [ 2.5517416e-01 -7.5926411e-01  1.0324335e+00  3.0922492e-05 -1.8439496e+00  2.5520629e-01]
e3 : [ 4.3442149e-02 -6.7539352e-01  8.8681585e-01  3.3683813e-05 -1.7822088e+00  4.3473326e-02]
f3 : [-1.7220357e-01 -7.0974094e-01  9.4562662e-01  3.6042980e-05 -1.8066792e+00 -1.7217101e-01]
g3 : [-3.7299770e-01 -9.0836310e-01  1.3086666e+00  3.8486363e-05 -1.9711040e+00 -3.7295866e-01]
h3 : [-5.7636333e-01 -7.6990688e-01  1.0514066e+00 -3.9160524e-05 -1.8523263e+00 -5.7640338e-01]

a4 : [0.411575 -1.010230 1.421131 0.336743 -1.646300 0.448991]
b4 : [0.374159 -0.972814 1.495963 0.187080 -1.795964 0.374159]
c4 : [0.299327 -0.972814 1.383716 0.112248 -1.795964 0.374159]
d4 : [0.112248 -0.972814 1.383716 0.149664 -1.870796 0.187080]
e4 : [-0.074832 -0.972814 1.383716 0.149664 -1.870796 0.037416]
f4 : [-0.299327 -0.972814 1.383716 0.149664 -1.870796 -0.224496]
g4 : [-0.448991 -0.972814 1.383716 0.149664 -1.870796 -0.636071] 
h4 : [-0.636071 -1.085062 1.533379 0.187080 -1.870796 -0.636071]

a5 : 
b5 :
c5 :
d5 :
e5 :
f5 :
g5 :
h5 :

a6 :
b6 :
c6 :
d6 :
e6 :
f6 :
g6 :
h6 :

a7 :
b7 :
c7 :
d7 :
e7 :
f7 :
g7 :
h7 :

a8 :
b8 :
c8 :
d8 :
e8 :
f8 :
g8 :
h8 :
